0.000000 -36.680   945.338  
1.000000 -36.673   945.342  
2.000000 -36.662   945.346  
3.000000 -36.676   945.363  
4.000000 -36.666   945.342  
5.000000 -36.668   945.335  
6.000000 -36.665   945.365  
7.000000 -36.658   945.355  
8.000000 -36.662   945.332  
9.000000 -36.674   945.347  
10.000000 -36.665   945.349  
11.000000 -36.661   945.346  
12.000000 -36.669   945.350  
13.000000 -36.674   945.351  
14.000000 -36.663   945.348  
15.000000 -36.667   945.363  
16.000000 -36.673   945.333  
17.000000 -36.672   945.340  
18.000000 -36.674   945.331  
19.000000 -36.671   945.331  
20.000000 -36.668   945.344  
21.000000 -36.673   945.337  
22.000000 -36.670   945.333  
23.000000 -36.673   945.315  
24.000000 -36.673   945.344  
25.000000 -36.680   945.333  
26.000000 -36.665   945.373  
27.000000 -36.666   945.312  
28.000000 -36.662   945.348  
29.000000 -36.663   945.340  
30.000000 -36.665   945.333  
31.000000 -36.671   945.333  
32.000000 -36.675   945.352  
33.000000 -36.663   945.343  
34.000000 -36.665   945.340  
35.000000 -36.668   945.337  
36.000000 -36.668   945.363  
37.000000 -36.664   945.327  
38.000000 -36.662   945.350  
39.000000 -36.660   945.368  
40.000000 -36.668   945.334  
41.000000 -36.671   945.383  
42.000000 -36.672   945.378  
43.000000 -36.670   945.340  
44.000000 -36.670   945.384  
45.000000 -36.675   945.345  
46.000000 -36.667   945.345  
47.000000 -36.662   945.331  
48.000000 -36.664   945.350  
49.000000 -36.680   945.341  
50.000000 -36.671   945.319  
51.000000 -36.678   945.346  
52.000000 -36.682   945.338  
53.000000 -36.676   945.309  
54.000000 -36.671   945.333  
55.000000 -36.675   945.316  
56.000000 -36.674   945.333  
57.000000 -36.680   945.336  
58.000000 -36.667   945.320  
59.000000 -36.666   945.326  
60.000000 -36.678   945.340  
61.000000 -36.678   945.330  
62.000000 -36.678   945.344  
63.000000 -36.669   945.347  
64.000000 -36.674   945.347  
65.000000 -36.675   945.361  
66.000000 -36.656   945.354  
67.000000 -36.668   945.342  
68.000000 -36.681   945.339  
69.000000 -36.674   945.333  
70.000000 -36.680   945.336  
71.000000 -36.665   945.356  
72.000000 -36.665   945.331  
73.000000 -36.679   945.333  
74.000000 -36.672   945.347  
75.000000 -36.667   945.337  
76.000000 -36.673   945.329  
77.000000 -36.669   945.331  
78.000000 -36.680   945.348  
79.000000 -36.685   945.348  
80.000000 -36.672   945.347  
81.000000 -36.668   945.324  
82.000000 -36.668   945.334  
83.000000 -36.673   945.349  
84.000000 -36.668   945.309  
85.000000 -36.675   945.334  
86.000000 -36.669   945.334  
87.000000 -36.671   945.337  
88.000000 -36.676   945.328  
89.000000 -36.678   945.359  
90.000000 -36.675   945.320  
91.000000 -36.670   945.342  
92.000000 -36.666   945.319  
93.000000 -36.668   945.346  
94.000000 -36.664   945.318  
95.000000 -36.676   945.323  
96.000000 -36.671   945.335  
97.000000 -36.670   945.324  
98.000000 -36.656   945.342  
99.000000 -36.660   945.312  
100.000000 -36.660   945.347  
101.000000 -36.666   945.331  
102.000000 -36.660   945.337  
103.000000 -36.674   945.376  
104.000000 -36.670   945.345  
105.000000 -36.662   945.322  
106.000000 -36.664   945.341  
107.000000 -36.675   945.337  
108.000000 -36.670   945.325  
109.000000 -36.675   945.340  
110.000000 -36.679   945.347  
111.000000 -36.681   945.326  
112.000000 -36.682   945.332  
113.000000 -36.677   945.322  
114.000000 -36.676   945.338  
115.000000 -36.672   945.364  
116.000000 -36.678   945.329  
117.000000 -36.678   945.319  
118.000000 -36.673   945.352  
119.000000 -36.675   945.309  
120.000000 -36.672   945.342  
121.000000 -36.671   945.320  
122.000000 -36.678   945.336  
123.000000 -36.668   945.343  
124.000000 -36.675   945.319  
125.000000 -36.673   945.315  
126.000000 -36.676   945.351  
127.000000 -36.677   945.343  
128.000000 -36.658   945.319  
129.000000 -36.675   945.331  
130.000000 -36.680   945.331  
131.000000 -36.674   945.345  
132.000000 -36.674   945.335  
133.000000 -36.679   945.309  
134.000000 -36.671   945.338  
135.000000 -36.683   945.328  
136.000000 -36.685   945.320  
137.000000 -36.679   945.302  
138.000000 -36.685   945.325  
139.000000 -36.676   945.331  
140.000000 -36.677   945.326  
141.000000 -36.671   945.330  
142.000000 -36.668   945.355  
143.000000 -36.665   945.349  
144.000000 -36.674   945.332  
145.000000 -36.670   945.349  
146.000000 -36.671   945.314  
147.000000 -36.670   945.322  
148.000000 -36.660   945.333  
149.000000 -36.663   945.346  
150.000000 -36.665   945.333  
151.000000 -36.668   945.331  
152.000000 -36.669   945.293  
153.000000 -36.658   945.333  
154.000000 -36.674   945.330  
155.000000 -36.676   945.322  
156.000000 -36.675   945.327  
157.000000 -36.677   945.334  
158.000000 -36.676   945.339  
159.000000 -36.666   945.317  
160.000000 -36.671   945.336  
161.000000 -36.670   945.348  
162.000000 -36.673   945.320  
163.000000 -36.673   945.333  
164.000000 -36.671   945.337  
165.000000 -36.668   945.340  
166.000000 -36.677   945.340  
167.000000 -36.675   945.356  
168.000000 -36.669   945.336  
169.000000 -36.669   945.347  
170.000000 -36.665   945.325  
171.000000 -36.672   945.331  
172.000000 -36.668   945.338  
173.000000 -36.671   945.357  
174.000000 -36.665   945.324  
175.000000 -36.675   945.308  
176.000000 -36.675   945.337  
177.000000 -36.664   945.330  
178.000000 -36.679   945.305  
179.000000 -36.671   945.326  
180.000000 -36.669   945.321  
181.000000 -36.676   945.334  
182.000000 -36.675   945.328  
183.000000 -36.664   945.346  
184.000000 -36.674   945.339  
185.000000 -36.670   945.343  
186.000000 -36.667   945.362  
187.000000 -36.669   945.332  
188.000000 -36.664   945.352  
189.000000 -36.679   945.357  
190.000000 -36.670   945.377  
191.000000 -36.662   945.325  
192.000000 -36.674   945.338  
193.000000 -36.670   945.346  
194.000000 -36.680   945.336  
195.000000 -36.672   945.342  
196.000000 -36.668   945.367  
197.000000 -36.676   945.332  
198.000000 -36.673   945.327  
199.000000 -36.675   945.323  
200.000000 -36.673   945.361  
201.000000 -36.669   945.346  
202.000000 -36.661   945.344  
203.000000 -36.660   945.344  
204.000000 -36.664   945.322  
205.000000 -36.670   945.336  
206.000000 -36.669   945.327  
207.000000 -36.668   945.340  
208.000000 -36.656   945.344  
209.000000 -36.669   945.362  
210.000000 -36.672   945.338  
211.000000 -36.671   945.361  
212.000000 -36.663   945.324  
213.000000 -36.673   945.337  
214.000000 -36.665   945.336  
215.000000 -36.672   945.351  
216.000000 -36.663   945.336  
217.000000 -36.668   945.362  
218.000000 -36.672   945.347  
219.000000 -36.671   945.307  
220.000000 -36.671   945.327  
221.000000 -36.673   945.354  
222.000000 -36.668   945.356  
223.000000 -36.678   945.356  
224.000000 -36.667   945.352  
225.000000 -36.667   945.364  
226.000000 -36.670   945.375  
227.000000 -36.664   945.361  
228.000000 -36.647   945.360  
229.000000 -36.656   945.348  
230.000000 -36.655   945.383  
231.000000 -36.658   945.361  
232.000000 -36.659   945.374  
233.000000 -36.655   945.342  
234.000000 -36.656   945.390  
235.000000 -36.668   945.385  
236.000000 -36.652   945.385  
237.000000 -36.654   945.355  
238.000000 -36.650   945.365  
239.000000 -36.664   945.376  
240.000000 -36.657   945.339  
241.000000 -36.657   945.370  
242.000000 -36.651   945.372  
243.000000 -36.652   945.361  
244.000000 -36.652   945.362  
245.000000 -36.660   945.379  
246.000000 -36.655   945.396  
247.000000 -36.653   945.382  
248.000000 -36.651   945.378  
249.000000 -36.658   945.390  
250.000000 -36.655   945.379  
251.000000 -36.649   945.367  
252.000000 -36.649   945.376  
253.000000 -36.645   945.362  
254.000000 -36.656   945.377  
255.000000 -36.648   945.412  
256.000000 -36.656   945.388  
257.000000 -36.653   945.382  
258.000000 -36.651   945.366  
259.000000 -36.651   945.378  
260.000000 -36.643   945.395  
261.000000 -36.646   945.376  
262.000000 -36.643   945.386  
263.000000 -36.645   945.384  
264.000000 -36.655   945.368  
265.000000 -36.649   945.397  
266.000000 -36.652   945.362  
267.000000 -36.647   945.412  
268.000000 -36.639   945.408  
269.000000 -36.638   945.419  
270.000000 -36.644   945.399  
271.000000 -36.639   945.405  
272.000000 -36.640   945.408  
273.000000 -36.646   945.401  
274.000000 -36.642   945.422  
275.000000 -36.640   945.424  
276.000000 -36.639   945.426  
277.000000 -36.637   945.411  
278.000000 -36.641   945.406  
279.000000 -36.636   945.420  
280.000000 -36.640   945.405  
281.000000 -36.633   945.427  
282.000000 -36.626   945.414  
283.000000 -36.635   945.411  
284.000000 -36.634   945.418  
285.000000 -36.642   945.426  
286.000000 -36.639   945.415  
287.000000 -36.637   945.431  
288.000000 -36.637   945.406  
289.000000 -36.635   945.418  
290.000000 -36.641   945.410  
291.000000 -36.630   945.436  
292.000000 -36.625   945.448  
293.000000 -36.633   945.425  
294.000000 -36.628   945.434  
295.000000 -36.621   945.464  
296.000000 -36.615   945.445  
297.000000 -36.621   945.444  
298.000000 -36.611   945.449  
299.000000 -36.620   945.460  
300.000000 -36.615   945.420  
301.000000 -36.616   945.465  
302.000000 -36.607   945.468  
303.000000 -36.619   945.468  
304.000000 -36.618   945.467  
305.000000 -36.621   945.471  
306.000000 -36.598   945.490  
307.000000 -36.612   945.445  
308.000000 -36.608   945.464  
309.000000 -36.602   945.469  
310.000000 -36.606   945.511  
311.000000 -36.611   945.469  
312.000000 -36.599   945.524  
313.000000 -36.602   945.502  
314.000000 -36.595   945.512  
315.000000 -36.598   945.538  
316.000000 -36.591   945.511  
317.000000 -36.597   945.536  
318.000000 -36.586   945.531  
319.000000 -36.586   945.548  
320.000000 -36.588   945.530  
321.000000 -36.583   945.562  
322.000000 -36.594   945.538  
323.000000 -36.584   945.575  
324.000000 -36.592   945.571  
325.000000 -36.582   945.575  
326.000000 -36.573   945.585  
327.000000 -36.575   945.589  
328.000000 -36.561   945.582  
329.000000 -36.556   945.593  
330.000000 -36.553   945.620  
331.000000 -36.558   945.624  
332.000000 -36.553   945.601  
333.000000 -36.549   945.625  
334.000000 -36.546   945.632  
335.000000 -36.543   945.623  
336.000000 -36.546   945.619  
337.000000 -36.536   945.640  
338.000000 -36.550   945.662  
339.000000 -36.537   945.662  
340.000000 -36.538   945.648  
341.000000 -36.531   945.668  
342.000000 -36.539   945.681  
343.000000 -36.537   945.672  
344.000000 -36.536   945.676  
345.000000 -36.535   945.691  
346.000000 -36.531   945.678  
347.000000 -36.534   945.690  
348.000000 -36.527   945.659  
349.000000 -36.515   945.701  
350.000000 -36.529   945.719  
351.000000 -36.520   945.710  
352.000000 -36.525   945.744  
353.000000 -36.527   945.724  
354.000000 -36.524   945.754  
355.000000 -36.523   945.739  
356.000000 -36.515   945.744  
357.000000 -36.525   945.746  
358.000000 -36.517   945.752  
359.000000 -36.516   945.776  
360.000000 -36.510   945.756  
361.000000 -36.507   945.779  
362.000000 -36.506   945.779  
363.000000 -36.494   945.784  
364.000000 -36.499   945.783  
365.000000 -36.493   945.794  
366.000000 -36.491   945.790  
367.000000 -36.467   945.793  
368.000000 -36.468   945.810  
369.000000 -36.467   945.830  
370.000000 -36.466   945.866  
371.000000 -36.466   945.845  
372.000000 -36.454   945.849  
373.000000 -36.451   945.847  
374.000000 -36.445   945.897  
375.000000 -36.438   945.883  
376.000000 -36.435   945.912  
377.000000 -36.432   945.904  
378.000000 -36.426   945.896  
379.000000 -36.425   945.931  
380.000000 -36.417   945.953  
381.000000 -36.408   945.934  
382.000000 -36.408   945.921  
383.000000 -36.408   945.950  
384.000000 -36.409   945.979  
385.000000 -36.405   945.961  
386.000000 -36.414   945.992  
387.000000 -36.398   945.986  
388.000000 -36.402   945.968  
389.000000 -36.395   945.991  
390.000000 -36.393   945.996  
391.000000 -36.390   945.989  
392.000000 -36.389   946.038  
393.000000 -36.395   946.067  
394.000000 -36.384   946.056  
395.000000 -36.382   946.073  
396.000000 -36.373   946.084  
397.000000 -36.368   946.082  
398.000000 -36.369   946.087  
399.000000 -36.362   946.082  
400.000000 -36.368   946.114  
401.000000 -36.356   946.125  
402.000000 -36.351   946.138  
403.000000 -36.357   946.127  
404.000000 -36.344   946.149  
405.000000 -36.339   946.163  
406.000000 -36.332   946.163  
407.000000 -36.332   946.164  
408.000000 -36.335   946.178  
409.000000 -36.329   946.192  
410.000000 -36.324   946.178  
411.000000 -36.319   946.208  
412.000000 -36.326   946.222  
413.000000 -36.323   946.215  
414.000000 -36.326   946.226  
415.000000 -36.316   946.251  
416.000000 -36.324   946.236  
417.000000 -36.318   946.255  
418.000000 -36.320   946.271  
419.000000 -36.308   946.265  
420.000000 -36.307   946.270  
421.000000 -36.312   946.287  
422.000000 -36.302   946.328  
423.000000 -36.296   946.324  
424.000000 -36.292   946.352  
425.000000 -36.298   946.352  
426.000000 -36.284   946.373  
427.000000 -36.277   946.339  
428.000000 -36.276   946.392  
429.000000 -36.271   946.396  
430.000000 -36.269   946.416  
431.000000 -36.272   946.442  
432.000000 -36.259   946.442  
433.000000 -36.243   946.454  
434.000000 -36.253   946.450  
435.000000 -36.245   946.469  
436.000000 -36.253   946.489  
437.000000 -36.233   946.481  
438.000000 -36.238   946.535  
439.000000 -36.221   946.542  
440.000000 -36.224   946.513  
441.000000 -36.216   946.544  
442.000000 -36.217   946.572  
443.000000 -36.223   946.577  
444.000000 -36.213   946.618  
445.000000 -36.206   946.584  
446.000000 -36.208   946.591  
447.000000 -36.197   946.612  
448.000000 -36.198   946.640  
449.000000 -36.188   946.650  
450.000000 -36.179   946.669  
451.000000 -36.185   946.664  
452.000000 -36.182   946.636  
453.000000 -36.176   946.646  
454.000000 -36.170   946.657  
455.000000 -36.176   946.640  
456.000000 -36.178   946.664  
457.000000 -36.181   946.623  
458.000000 -36.184   946.615  
459.000000 -36.187   946.605  
460.000000 -36.194   946.558  
461.000000 -36.198   946.546  
462.000000 -36.209   946.498  
463.000000 -36.223   946.502  
464.000000 -36.230   946.463  
465.000000 -36.233   946.455  
466.000000 -36.248   946.369  
467.000000 -36.308   946.388  
468.000000 -36.287   946.230  
469.000000 -36.310   946.181  
470.000000 -36.331   946.125  
471.000000 -36.344   946.042  
472.000000 -36.366   945.976  
473.000000 -36.383   945.911  
474.000000 -36.410   945.853  
475.000000 -36.432   945.753  
476.000000 -36.454   945.681  
477.000000 -36.483   945.592  
478.000000 -36.500   945.487  
479.000000 -36.532   945.389  
480.000000 -36.562   945.307  
481.000000 -36.597   945.217  
482.000000 -36.641   945.131  
483.000000 -36.685   945.042  
484.000000 -36.738   944.946  
485.000000 -36.785   944.852  
486.000000 -36.959   944.883  
487.000000 -37.011   944.822  
488.000000 -37.007   944.600  
489.000000 -37.069   944.556  
490.000000 -37.128   944.500  
491.000000 -37.184   944.435  
492.000000 -37.217   944.405  
493.000000 -37.258   944.413  
494.000000 -37.257   944.369  
495.000000 -37.262   944.364  
496.000000 -37.264   944.314  
497.000000 -37.242   944.320  
498.000000 -37.217   944.326  
499.000000 -37.179   944.281  
500.000000 -37.146   944.240  
501.000000 -37.110   944.248  
502.000000 -37.068   944.191  
503.000000 -37.033   944.149  
504.000000 -37.007   944.095  
505.000000 -37.007   944.028  
506.000000 -37.017   944.070  
507.000000 -37.072   943.986  
508.000000 -37.094   943.808  
509.000000 -37.144   943.768  
510.000000 -37.181   943.682  
511.000000 -37.276   943.631  
512.000000 -37.355   943.576  
513.000000 -37.451   943.557  
514.000000 -37.548   943.529  
515.000000 -37.628   943.503  
516.000000 -37.718   943.495  
517.000000 -37.771   943.486  
518.000000 -37.798   943.452  
519.000000 -37.815   943.476  
520.000000 -37.809   943.475  
521.000000 -37.781   943.486  
522.000000 -37.739   943.469  
523.000000 -37.644   943.503  
524.000000 -37.585   943.543  
525.000000 -37.509   943.554  
526.000000 -37.387   943.626  
527.000000 -37.265   943.698  
528.000000 -37.198   943.673  
529.000000 -37.154   943.742  
530.000000 -37.099   943.803  
531.000000 -37.086   943.837  
532.000000 -37.074   943.863  
533.000000 -37.075   943.933  
534.000000 -37.086   943.956  
535.000000 -37.122   943.982  
536.000000 -37.149   944.005  
537.000000 -37.179   944.004  
538.000000 -37.216   944.058  
539.000000 -37.259   944.068  
540.000000 -37.296   944.107  
541.000000 -37.319   944.133  
542.000000 -37.333   944.159  
543.000000 -37.341   944.202  
544.000000 -37.335   944.252  
545.000000 -37.317   944.273  
546.000000 -37.185   944.333  
547.000000 -37.179   944.393  
548.000000 -37.121   944.419  
549.000000 -37.048   944.494  
550.000000 -36.995   944.510  
551.000000 -36.936   944.555  
552.000000 -36.890   944.602  
553.000000 -36.852   944.630  
554.000000 -36.820   944.661  
555.000000 -36.793   944.718  
556.000000 -36.780   944.726  
557.000000 -36.761   944.787  
558.000000 -36.762   944.789  
559.000000 -36.765   944.827  
560.000000 -36.782   944.838  
561.000000 -36.797   944.867  
562.000000 -36.821   944.913  
563.000000 -36.838   944.968  
564.000000 -36.854   944.980  
565.000000 -36.866   945.027  
566.000000 -36.893   945.087  
567.000000 -36.883   945.146  
568.000000 -36.879   945.211  
569.000000 -36.852   945.219  
570.000000 -36.830   945.287  
571.000000 -36.790   945.302  
572.000000 -36.753   945.347  
573.000000 -36.714   945.380  
574.000000 -36.671   945.425  
575.000000 -36.636   945.446  
576.000000 -36.583   945.486  
577.000000 -36.548   945.521  
578.000000 -36.518   945.534  
579.000000 -36.498   945.577  
580.000000 -36.485   945.612  
581.000000 -36.452   945.605  
582.000000 -36.432   945.627  
583.000000 -36.424   945.651  
584.000000 -36.411   945.673  
585.000000 -36.401   945.665  
586.000000 -36.444   945.671  
587.000000 -36.439   945.692  
588.000000 -36.460   945.689  
589.000000 -36.470   945.701  
590.000000 -36.487   945.715  
591.000000 -36.509   945.732  
592.000000 -36.529   945.732  
593.000000 -36.538   945.766  
594.000000 -36.539   945.767  
595.000000 -36.537   945.761  
596.000000 -36.535   945.799  
597.000000 -36.529   945.782  
598.000000 -36.523   945.825  
599.000000 -36.496   945.824  
600.000000 -36.497   945.817  
601.000000 -36.471   945.819  
602.000000 -36.454   945.836  
603.000000 -36.435   945.851  
604.000000 -36.421   945.830  
605.000000 -36.386   945.837  
606.000000 -36.383   945.828  
607.000000 -36.393   945.818  
608.000000 -36.393   945.835  
609.000000 -36.399   945.832  
610.000000 -36.409   945.831  
611.000000 -36.420   945.829  
612.000000 -36.445   945.831  
613.000000 -36.448   945.827  
614.000000 -36.465   945.800  
615.000000 -36.485   945.848  
616.000000 -36.486   945.823  
617.000000 -36.499   945.837  
618.000000 -36.492   945.860  
619.000000 -36.485   945.850  
620.000000 -36.493   945.855  
621.000000 -36.486   945.841  
622.000000 -36.483   945.820  
623.000000 -36.471   945.845  
624.000000 -36.462   945.832  
625.000000 -36.420   945.874  
626.000000 -36.413   945.862  
627.000000 -36.416   945.840  
628.000000 -36.407   945.853  
629.000000 -36.414   945.853  
630.000000 -36.410   945.853  
631.000000 -36.420   945.839  
632.000000 -36.412   945.836  
633.000000 -36.426   945.844  
634.000000 -36.428   945.848  
635.000000 -36.444   945.828  
636.000000 -36.464   945.815  
637.000000 -36.463   945.800  
638.000000 -36.476   945.825  
639.000000 -36.481   945.779  
640.000000 -36.487   945.772  
641.000000 -36.502   945.758  
642.000000 -36.506   945.767  
643.000000 -36.499   945.756  
644.000000 -36.503   945.737  
645.000000 -36.495   945.745  
646.000000 -36.499   945.718  
647.000000 -36.500   945.696  
648.000000 -36.503   945.694  
649.000000 -36.506   945.705  
650.000000 -36.501   945.699  
651.000000 -36.491   945.690  
652.000000 -36.500   945.673  
653.000000 -36.492   945.706  
654.000000 -36.488   945.700  
655.000000 -36.493   945.687  
656.000000 -36.491   945.678  
657.000000 -36.500   945.705  
658.000000 -36.497   945.677  
659.000000 -36.493   945.656  
660.000000 -36.496   945.647  
661.000000 -36.510   945.666  
662.000000 -36.507   945.658  
663.000000 -36.510   945.639  
664.000000 -36.505   945.635  
665.000000 -36.523   945.617  
666.000000 -36.522   945.563  
667.000000 -36.526   945.575  
668.000000 -36.535   945.584  
669.000000 -36.528   945.556  
670.000000 -36.533   945.543  
671.000000 -36.548   945.492  
672.000000 -36.548   945.490  
673.000000 -36.552   945.467  
674.000000 -36.557   945.424  
675.000000 -36.557   945.407  
676.000000 -36.576   945.401  
677.000000 -36.593   945.389  
678.000000 -36.605   945.361  
679.000000 -36.612   945.366  
680.000000 -36.622   945.344  
681.000000 -36.639   945.336  
682.000000 -36.657   945.291  
683.000000 -36.651   945.310  
684.000000 -36.666   945.296  
685.000000 -36.702   945.281  
686.000000 -36.693   945.274  
687.000000 -36.700   945.270  
688.000000 -36.699   945.272  
689.000000 -36.701   945.246  
690.000000 -36.712   945.215  
691.000000 -36.706   945.236  
692.000000 -36.715   945.200  
693.000000 -36.702   945.193  
694.000000 -36.711   945.149  
695.000000 -36.706   945.171  
696.000000 -36.706   945.139  
697.000000 -36.713   945.132  
698.000000 -36.719   945.131  
699.000000 -36.721   945.085  
700.000000 -36.720   945.100  
701.000000 -36.744   945.061  
702.000000 -36.748   945.067  
703.000000 -36.755   945.013  
704.000000 -36.774   945.009  
705.000000 -36.816   944.986  
706.000000 -36.809   944.972  
707.000000 -36.830   944.975  
708.000000 -36.833   944.967  
709.000000 -36.840   944.959  
710.000000 -36.855   944.940  
711.000000 -36.863   944.913  
712.000000 -36.875   944.911  
713.000000 -36.884   944.853  
714.000000 -36.888   944.849  
715.000000 -36.889   944.798  
716.000000 -36.900   944.794  
717.000000 -36.898   944.743  
718.000000 -36.899   944.732  
719.000000 -36.906   944.712  
720.000000 -36.913   944.687  
721.000000 -36.935   944.661  
722.000000 -36.940   944.630  
723.000000 -36.948   944.628  
724.000000 -37.000   944.636  
725.000000 -37.018   944.610  
726.000000 -37.006   944.545  
727.000000 -37.028   944.528  
728.000000 -37.043   944.521  
729.000000 -37.052   944.493  
730.000000 -37.062   944.462  
731.000000 -37.071   944.451  
732.000000 -37.067   944.417  
733.000000 -37.073   944.427  
734.000000 -37.086   944.405  
735.000000 -37.093   944.371  
736.000000 -37.091   944.345  
737.000000 -37.095   944.330  
738.000000 -37.097   944.343  
739.000000 -37.101   944.333  
740.000000 -37.097   944.337  
741.000000 -37.096   944.318  
742.000000 -37.108   944.302  
743.000000 -37.100   944.341  
744.000000 -37.099   944.345  
745.000000 -37.103   944.328  
746.000000 -37.103   944.339  
747.000000 -37.094   944.364  
748.000000 -37.096   944.373  
749.000000 -37.092   944.354  
750.000000 -37.082   944.376  
751.000000 -37.071   944.408  
752.000000 -37.065   944.405  
753.000000 -37.053   944.428  
754.000000 -37.051   944.474  
755.000000 -37.046   944.460  
756.000000 -37.032   944.493  
757.000000 -37.024   944.458  
758.000000 -37.002   944.528  
759.000000 -37.005   944.546  
760.000000 -36.993   944.569  
761.000000 -36.985   944.590  
762.000000 -36.974   944.611  
763.000000 -36.971   944.639  
764.000000 -36.945   944.672  
765.000000 -36.954   944.704  
766.000000 -36.933   944.721  
767.000000 -36.930   944.746  
768.000000 -36.928   944.771  
769.000000 -36.913   944.823  
770.000000 -36.905   944.855  
771.000000 -36.891   944.862  
772.000000 -36.883   944.889  
773.000000 -36.865   944.920  
774.000000 -36.860   944.958  
775.000000 -36.839   944.983  
776.000000 -36.821   945.010  
777.000000 -36.813   945.049  
778.000000 -36.807   945.046  
779.000000 -36.786   945.088  
780.000000 -36.776   945.110  
781.000000 -36.775   945.156  
782.000000 -36.753   945.160  
783.000000 -36.746   945.168  
784.000000 -36.718   945.183  
785.000000 -36.720   945.247  
786.000000 -36.711   945.308  
787.000000 -36.699   945.302  
788.000000 -36.692   945.288  
789.000000 -36.688   945.314  
790.000000 -36.690   945.312  
791.000000 -36.678   945.319  
792.000000 -36.667   945.338  
793.000000 -36.665   945.335  
794.000000 -36.661   945.363  
795.000000 -36.659   945.359  
796.000000 -36.657   945.374  
797.000000 -36.656   945.370  
798.000000 -36.660   945.372  
799.000000 -36.674   945.408  
800.000000 -36.668   945.447  
801.000000 -36.670   945.457  
802.000000 -36.668   945.468  
803.000000 -36.664   945.476  
804.000000 -36.643   945.533  
805.000000 -36.653   945.590  
806.000000 -36.626   945.616  
807.000000 -36.607   945.623  
808.000000 -36.592   945.684  
809.000000 -36.561   945.702  
810.000000 -36.539   945.724  
811.000000 -36.517   945.757  
812.000000 -36.497   945.770  
813.000000 -36.501   945.794  
814.000000 -36.461   945.805  
815.000000 -36.452   945.804  
816.000000 -36.431   945.839  
817.000000 -36.408   945.824  
818.000000 -36.396   945.836  
819.000000 -36.384   945.859  
820.000000 -36.382   945.834  
821.000000 -36.375   945.842  
822.000000 -36.386   945.849  
823.000000 -36.422   945.835  
824.000000 -36.447   945.847  
825.000000 -36.441   945.815  
826.000000 -36.463   945.826  
827.000000 -36.477   945.804  
828.000000 -36.478   945.763  
829.000000 -36.499   945.784  
830.000000 -36.506   945.734  
831.000000 -36.524   945.723  
832.000000 -36.529   945.690  
833.000000 -36.527   945.659  
834.000000 -36.535   945.690  
835.000000 -36.538   945.651  
836.000000 -36.534   945.603  
837.000000 -36.539   945.605  
838.000000 -36.546   945.573  
839.000000 -36.535   945.539  
840.000000 -36.530   945.548  
841.000000 -36.539   945.538  
842.000000 -36.537   945.526  
843.000000 -36.557   945.500  
844.000000 -36.567   945.491  
845.000000 -36.561   945.447  
846.000000 -36.564   945.447  
847.000000 -36.581   945.404  
848.000000 -36.594   945.427  
849.000000 -36.601   945.403  
850.000000 -36.619   945.395  
851.000000 -36.631   945.401  
852.000000 -36.634   945.365  
853.000000 -36.646   945.366  
854.000000 -36.646   945.387  
855.000000 -36.651   945.359  
856.000000 -36.652   945.361  
857.000000 -36.660   945.373  
858.000000 -36.666   945.380  
859.000000 -36.668   945.357  
860.000000 -36.663   945.345  
861.000000 -36.657   945.326  
862.000000 -36.659   945.340  
863.000000 -36.649   945.324  
864.000000 -36.647   945.304  
865.000000 -36.654   945.294  
866.000000 -36.649   945.283  
867.000000 -36.646   945.292  
868.000000 -36.653   945.256  
869.000000 -36.648   945.260  
870.000000 -36.662   945.243  
871.000000 -36.671   945.222  
872.000000 -36.684   945.214  
873.000000 -36.695   945.225  
874.000000 -36.706   945.197  
875.000000 -36.706   945.193  
876.000000 -36.722   945.215  
877.000000 -36.734   945.181  
878.000000 -36.733   945.213  
879.000000 -36.737   945.193  
880.000000 -36.737   945.193  
881.000000 -36.747   945.222  
882.000000 -36.741   945.219  
883.000000 -36.730   945.180  
884.000000 -36.730   945.232  
885.000000 -36.726   945.242  
886.000000 -36.716   945.240  
887.000000 -36.706   945.267  
888.000000 -36.708   945.270  
889.000000 -36.687   945.274  
890.000000 -36.678   945.292  
891.000000 -36.672   945.318  
892.000000 -36.673   945.305  
893.000000 -36.661   945.327  
894.000000 -36.647   945.338  
895.000000 -36.650   945.342  
896.000000 -36.640   945.339  
897.000000 -36.641   945.339  
898.000000 -36.638   945.353  
899.000000 -36.643   945.371  
900.000000 -36.645   945.374  
901.000000 -36.649   945.376  
902.000000 -36.648   945.402  
903.000000 -36.653   945.390  
904.000000 -36.656   945.383  
905.000000 -36.656   945.417  
906.000000 -36.659   945.398  
907.000000 -36.661   945.429  
908.000000 -36.649   945.428  
909.000000 -36.646   945.409  
910.000000 -36.651   945.399  
911.000000 -36.645   945.406  
912.000000 -36.640   945.444  
913.000000 -36.631   945.405  
914.000000 -36.629   945.424  
915.000000 -36.621   945.416  
916.000000 -36.629   945.449  
917.000000 -36.630   945.431  
918.000000 -36.627   945.450  
919.000000 -36.620   945.393  
920.000000 -36.620   945.418  
921.000000 -36.621   945.441  
922.000000 -36.624   945.441  
923.000000 -36.626   945.426  
924.000000 -36.626   945.463  
925.000000 -36.620   945.479  
926.000000 -36.627   945.473  
927.000000 -36.623   945.508  
928.000000 -36.622   945.512  
929.000000 -36.613   945.526  
930.000000 -36.604   945.473  
931.000000 -36.599   945.516  
932.000000 -36.604   945.535  
933.000000 -36.584   945.514  
934.000000 -36.584   945.538  
935.000000 -36.576   945.504  
936.000000 -36.560   945.523  
937.000000 -36.566   945.527  
938.000000 -36.564   945.511  
939.000000 -36.576   945.535  
940.000000 -36.563   945.540  
941.000000 -36.566   945.526  
942.000000 -36.579   945.553  
943.000000 -36.586   945.546  
944.000000 -36.579   945.569  
945.000000 -36.594   945.570  
946.000000 -36.581   945.556  
947.000000 -36.589   945.589  
948.000000 -36.598   945.575  
949.000000 -36.591   945.632  
950.000000 -36.581   945.601  
951.000000 -36.564   945.622  
952.000000 -36.563   945.637  
953.000000 -36.554   945.648  
954.000000 -36.546   945.636  
955.000000 -36.535   945.636  
956.000000 -36.534   945.678  
957.000000 -36.523   945.676  
958.000000 -36.520   945.673  
959.000000 -36.513   945.687  
960.000000 -36.516   945.705  
961.000000 -36.509   945.696  
962.000000 -36.508   945.704  
963.000000 -36.513   945.708  
964.000000 -36.503   945.702  
965.000000 -36.505   945.701  
966.000000 -36.502   945.709  
967.000000 -36.516   945.687  
968.000000 -36.513   945.660  
969.000000 -36.508   945.697  
970.000000 -36.509   945.695  
971.000000 -36.524   945.680  
972.000000 -36.514   945.702  
973.000000 -36.521   945.691  
974.000000 -36.524   945.674  
975.000000 -36.529   945.677  
976.000000 -36.525   945.663  
977.000000 -36.528   945.685  
978.000000 -36.526   945.677  
979.000000 -36.533   945.674  
980.000000 -36.533   945.649  
981.000000 -36.523   945.656  
982.000000 -36.542   945.673  
983.000000 -36.526   945.661  
984.000000 -36.528   945.659  
985.000000 -36.542   945.644  
986.000000 -36.542   945.636  
987.000000 -36.546   945.639  
988.000000 -36.542   945.631  
989.000000 -36.550   945.600  
990.000000 -36.552   945.604  
991.000000 -36.552   945.584  
992.000000 -36.550   945.590  
993.000000 -36.566   945.586  
994.000000 -36.572   945.589  
995.000000 -36.573   945.556  
996.000000 -36.569   945.558  
997.000000 -36.578   945.560  
998.000000 -36.578   945.585  
999.000000 -36.573   945.555  
1000.000000 -36.576   945.566  
1001.000000 -36.580   945.541  
1002.000000 -36.572   945.574  
1003.000000 -36.574   945.545  
1004.000000 -36.564   945.541  
1005.000000 -36.570   945.530  
1006.000000 -36.571   945.510  
1007.000000 -36.576   945.491  
1008.000000 -36.574   945.544  
1009.000000 -36.578   945.524  
1010.000000 -36.571   945.514  
1011.000000 -36.586   945.513  
1012.000000 -36.575   945.504  
1013.000000 -36.582   945.503  
1014.000000 -36.596   945.473  
1015.000000 -36.598   945.522  
1016.000000 -36.607   945.490  
1017.000000 -36.609   945.473  
1018.000000 -36.612   945.478  
1019.000000 -36.619   945.495  
1020.000000 -36.605   945.443  
1021.000000 -36.608   945.482  
1022.000000 -36.597   945.480  
1023.000000 -36.593   945.475  
1024.000000 -36.602   945.489  
1025.000000 -36.586   945.435  
1026.000000 -36.584   945.479  
1027.000000 -36.597   945.492  
1028.000000 -36.589   945.482  
1029.000000 -36.594   945.483  
1030.000000 -36.584   945.440  
1031.000000 -36.586   945.504  
1032.000000 -36.593   945.450  
1033.000000 -36.598   945.480  
1034.000000 -36.602   945.450  
1035.000000 -36.602   945.481  
1036.000000 -36.606   945.419  
1037.000000 -36.620   945.450  
1038.000000 -36.617   945.454  
1039.000000 -36.619   945.449  
1040.000000 -36.610   945.391  
1041.000000 -36.631   945.419  
1042.000000 -36.631   945.421  
1043.000000 -36.638   945.406  
1044.000000 -36.637   945.405  
1045.000000 -36.631   945.433  
1046.000000 -36.623   945.406  
1047.000000 -36.624   945.387  
1048.000000 -36.640   945.405  
1049.000000 -36.633   945.421  
1050.000000 -36.630   945.413  
1051.000000 -36.631   945.428  
1052.000000 -36.622   945.423  
1053.000000 -36.617   945.419  
1054.000000 -36.616   945.427  
1055.000000 -36.613   945.444  
1056.000000 -36.604   945.450  
1057.000000 -36.609   945.456  
1058.000000 -36.598   945.407  
1059.000000 -36.601   945.453  
1060.000000 -36.603   945.416  
1061.000000 -36.615   945.454  
1062.000000 -36.614   945.467  
1063.000000 -36.605   945.431  
1064.000000 -36.607   945.450  
1065.000000 -36.607   945.438  
1066.000000 -36.623   945.460  
1067.000000 -36.615   945.465  
1068.000000 -36.618   945.453  
1069.000000 -36.624   945.438  
1070.000000 -36.615   945.451  
1071.000000 -36.602   945.462  
1072.000000 -36.605   945.454  
1073.000000 -36.610   945.456  
1074.000000 -36.602   945.452  
1075.000000 -36.587   945.475  
1076.000000 -36.580   945.465  
1077.000000 -36.584   945.462  
1078.000000 -36.576   945.461  
1079.000000 -36.574   945.483  
1080.000000 -36.582   945.459  
1081.000000 -36.585   945.468  
1082.000000 -36.590   945.482  
1083.000000 -36.595   945.470  
1084.000000 -36.603   945.450  
1085.000000 -36.609   945.434  
1086.000000 -36.616   945.435  
1087.000000 -36.623   945.394  
1088.000000 -36.637   945.460  
1089.000000 -36.625   945.446  
1090.000000 -36.630   945.435  
1091.000000 -36.633   945.404  
1092.000000 -36.638   945.397  
1093.000000 -36.636   945.406  
1094.000000 -36.629   945.423  
1095.000000 -36.638   945.415  
1096.000000 -36.629   945.405  
1097.000000 -36.634   945.383  
1098.000000 -36.635   945.396  
1099.000000 -36.629   945.411  
1100.000000 -36.633   945.407  
1101.000000 -36.638   945.386  
1102.000000 -36.643   945.369  
1103.000000 -36.629   945.381  
1104.000000 -36.641   945.386  
1105.000000 -36.636   945.354  
1106.000000 -36.642   945.372  
1107.000000 -36.649   945.355  
1108.000000 -36.643   945.358  
1109.000000 -36.659   945.333  
1110.000000 -36.668   945.331  
1111.000000 -36.671   945.340  
1112.000000 -36.675   945.287  
1113.000000 -36.671   945.319  
1114.000000 -36.681   945.328  
1115.000000 -36.688   945.302  
1116.000000 -36.687   945.298  
1117.000000 -36.691   945.298  
1118.000000 -36.692   945.282  
1119.000000 -36.696   945.282  
1120.000000 -36.685   945.285  
1121.000000 -36.696   945.252  
1122.000000 -36.698   945.270  
1123.000000 -36.698   945.268  
1124.000000 -36.692   945.269  
1125.000000 -36.698   945.278  
1126.000000 -36.686   945.244  
1127.000000 -36.698   945.273  
1128.000000 -36.699   945.288  
1129.000000 -36.691   945.273  
1130.000000 -36.684   945.283  
1131.000000 -36.695   945.261  
1132.000000 -36.688   945.273  
1133.000000 -36.694   945.278  
1134.000000 -36.682   945.270  
1135.000000 -36.683   945.291  
1136.000000 -36.671   945.305  
1137.000000 -36.674   945.264  
1138.000000 -36.675   945.294  
1139.000000 -36.665   945.307  
1140.000000 -36.677   945.311  
1141.000000 -36.661   945.289  
1142.000000 -36.657   945.332  
1143.000000 -36.652   945.342  
1144.000000 -36.655   945.325  
1145.000000 -36.644   945.320  
1146.000000 -36.649   945.350  
1147.000000 -36.645   945.336  
1148.000000 -36.640   945.345  
1149.000000 -36.639   945.347  
1150.000000 -36.637   945.343  
1151.000000 -36.631   945.364  
1152.000000 -36.635   945.377  
1153.000000 -36.634   945.359  
1154.000000 -36.634   945.365  
1155.000000 -36.626   945.366  
1156.000000 -36.621   945.359  
1157.000000 -36.619   945.341  
1158.000000 -36.621   945.392  
1159.000000 -36.630   945.399  
1160.000000 -36.626   945.392  
1161.000000 -36.632   945.390  
1162.000000 -36.632   945.379  
1163.000000 -36.622   945.393  
1164.000000 -36.628   945.369  
1165.000000 -36.636   945.397  
1166.000000 -36.625   945.399  
1167.000000 -36.636   945.408  
1168.000000 -36.626   945.375  
1169.000000 -36.629   945.369  
1170.000000 -36.627   945.373  
1171.000000 -36.635   945.385  
1172.000000 -36.636   945.376  
1173.000000 -36.629   945.408  
1174.000000 -36.635   945.385  
1175.000000 -36.621   945.386  
1176.000000 -36.620   945.410  
1177.000000 -36.612   945.406  
1178.000000 -36.615   945.408  
1179.000000 -36.616   945.374  
1180.000000 -36.622   945.402  
1181.000000 -36.612   945.394  
1182.000000 -36.612   945.408  
1183.000000 -36.615   945.416  
1184.000000 -36.610   945.430  
1185.000000 -36.606   945.437  
1186.000000 -36.610   945.439  
1187.000000 -36.595   945.436  
1188.000000 -36.606   945.443  
1189.000000 -36.610   945.462  
1190.000000 -36.605   945.461  
1191.000000 -36.593   945.467  
1192.000000 -36.603   945.484  
1193.000000 -36.598   945.484  
1194.000000 -36.585   945.472  
1195.000000 -36.590   945.460  
1196.000000 -36.582   945.477  
1197.000000 -36.586   945.444  
1198.000000 -36.585   945.487  
1199.000000 -36.584   945.454  
1200.000000 -36.584   945.449  
1201.000000 -36.588   945.483  
1202.000000 -36.592   945.479  
1203.000000 -36.583   945.472  
1204.000000 -36.587   945.488  
1205.000000 -36.586   945.459  
1206.000000 -36.588   945.494  
1207.000000 -36.581   945.477  
1208.000000 -36.597   945.494  
1209.000000 -36.586   945.474  
1210.000000 -36.595   945.490  
1211.000000 -36.587   945.466  
1212.000000 -36.584   945.491  
1213.000000 -36.583   945.478  
1214.000000 -36.577   945.504  
1215.000000 -36.596   945.486  
1216.000000 -36.575   945.509  
1217.000000 -36.587   945.490  
1218.000000 -36.578   945.481  
1219.000000 -36.580   945.491  
1220.000000 -36.593   945.499  
1221.000000 -36.584   945.493  
1222.000000 -36.585   945.483  
1223.000000 -36.589   945.491  
1224.000000 -36.600   945.452  
1225.000000 -36.599   945.471  
1226.000000 -36.600   945.470  
1227.000000 -36.600   945.463  
1228.000000 -36.598   945.445  
1229.000000 -36.601   945.455  
1230.000000 -36.606   945.470  
1231.000000 -36.615   945.450  
1232.000000 -36.612   945.432  
1233.000000 -36.608   945.444  
1234.000000 -36.616   945.404  
1235.000000 -36.623   945.409  
1236.000000 -36.629   945.408  
1237.000000 -36.621   945.404  
1238.000000 -36.639   945.431  
1239.000000 -36.646   945.417  
1240.000000 -36.647   945.398  
1241.000000 -36.639   945.404  
1242.000000 -36.641   945.368  
1243.000000 -36.650   945.397  
1244.000000 -36.638   945.381  
1245.000000 -36.648   945.381  
1246.000000 -36.650   945.378  
1247.000000 -36.640   945.371  
1248.000000 -36.641   945.370  
1249.000000 -36.644   945.368  
1250.000000 -36.657   945.345  
1251.000000 -36.644   945.343  
1252.000000 -36.648   945.351  
1253.000000 -36.638   945.327  
1254.000000 -36.643   945.340  
1255.000000 -36.649   945.324  
1256.000000 -36.655   945.337  
1257.000000 -36.657   945.314  
1258.000000 -36.662   945.312  
1259.000000 -36.658   945.333  
1260.000000 -36.673   945.304  
1261.000000 -36.671   945.306  
1262.000000 -36.679   945.309  
1263.000000 -36.679   945.309  
1264.000000 -36.675   945.299  
1265.000000 -36.682   945.305  
1266.000000 -36.674   945.316  
1267.000000 -36.673   945.289  
1268.000000 -36.671   945.301  
1269.000000 -36.672   945.305  
1270.000000 -36.677   945.311  
1271.000000 -36.666   945.313  
1272.000000 -36.667   945.325  
1273.000000 -36.664   945.310  
1274.000000 -36.663   945.325  
1275.000000 -36.655   945.322  
1276.000000 -36.659   945.354  
1277.000000 -36.656   945.303  
1278.000000 -36.662   945.319  
1279.000000 -36.655   945.311  
1280.000000 -36.647   945.345  
1281.000000 -36.659   945.328  
1282.000000 -36.656   945.329  
1283.000000 -36.654   945.318  
1284.000000 -36.663   945.310  
1285.000000 -36.663   945.305  
1286.000000 -36.660   945.314  
1287.000000 -36.663   945.325  
1288.000000 -36.664   945.319  
1289.000000 -36.657   945.314  
1290.000000 -36.667   945.325  
1291.000000 -36.665   945.312  
1292.000000 -36.653   945.333  
1293.000000 -36.658   945.307  
1294.000000 -36.666   945.291  
1295.000000 -36.667   945.307  
1296.000000 -36.664   945.305  
1297.000000 -36.667   945.328  
1298.000000 -36.663   945.307  
1299.000000 -36.685   945.315  
1300.000000 -36.674   945.311  
1301.000000 -36.672   945.318  
1302.000000 -36.665   945.334  
1303.000000 -36.671   945.303  
1304.000000 -36.658   945.324  
1305.000000 -36.662   945.309  
1306.000000 -36.665   945.306  
1307.000000 -36.659   945.288  
1308.000000 -36.654   945.339  
1309.000000 -36.667   945.310  
1310.000000 -36.656   945.322  
1311.000000 -36.654   945.314  
1312.000000 -36.663   945.294  
1313.000000 -36.664   945.322  
1314.000000 -36.665   945.315  
1315.000000 -36.672   945.313  
1316.000000 -36.670   945.333  
1317.000000 -36.675   945.292  
1318.000000 -36.677   945.287  
1319.000000 -36.676   945.305  
1320.000000 -36.682   945.302  
1321.000000 -36.681   945.299  
1322.000000 -36.680   945.305  
1323.000000 -36.675   945.318  
1324.000000 -36.681   945.304  
1325.000000 -36.673   945.321  
1326.000000 -36.669   945.311  
1327.000000 -36.676   945.307  
1328.000000 -36.662   945.314  
1329.000000 -36.658   945.304  
1330.000000 -36.662   945.296  
1331.000000 -36.660   945.288  
1332.000000 -36.663   945.308  
1333.000000 -36.661   945.297  
1334.000000 -36.663   945.311  
1335.000000 -36.672   945.307  
1336.000000 -36.670   945.342  
1337.000000 -36.663   945.310  
1338.000000 -36.667   945.303  
1339.000000 -36.674   945.327  
1340.000000 -36.670   945.324  
1341.000000 -36.672   945.303  
1342.000000 -36.667   945.300  
1343.000000 -36.671   945.303  
1344.000000 -36.673   945.298  
1345.000000 -36.676   945.296  
1346.000000 -36.676   945.306  
1347.000000 -36.676   945.285  
1348.000000 -36.680   945.298  
1349.000000 -36.681   945.261  
1350.000000 -36.687   945.268  
1351.000000 -36.690   945.288  
1352.000000 -36.684   945.269  
1353.000000 -36.682   945.289  
1354.000000 -36.693   945.252  
1355.000000 -36.699   945.254  
1356.000000 -36.689   945.258  
1357.000000 -36.694   945.253  
1358.000000 -36.696   945.251  
1359.000000 -36.703   945.270  
1360.000000 -36.693   945.257  
1361.000000 -36.703   945.264  
1362.000000 -36.702   945.255  
1363.000000 -36.702   945.235  
1364.000000 -36.701   945.242  
1365.000000 -36.707   945.232  
1366.000000 -36.708   945.226  
1367.000000 -36.708   945.224  
1368.000000 -36.714   945.242  
1369.000000 -36.712   945.209  
1370.000000 -36.710   945.247  
1371.000000 -36.714   945.195  
1372.000000 -36.722   945.226  
1373.000000 -36.714   945.231  
1374.000000 -36.707   945.207  
1375.000000 -36.720   945.232  
1376.000000 -36.715   945.220  
1377.000000 -36.716   945.203  
1378.000000 -36.715   945.232  
1379.000000 -36.709   945.209  
1380.000000 -36.706   945.241  
1381.000000 -36.718   945.232  
1382.000000 -36.709   945.230  
1383.000000 -36.705   945.201  
1384.000000 -36.703   945.221  
1385.000000 -36.709   945.197  
1386.000000 -36.716   945.189  
1387.000000 -36.712   945.198  
1388.000000 -36.706   945.222  
1389.000000 -36.708   945.197  
1390.000000 -36.717   945.204  
1391.000000 -36.725   945.188  
1392.000000 -36.717   945.182  
1393.000000 -36.727   945.173  
1394.000000 -36.722   945.192  
1395.000000 -36.730   945.182  
1396.000000 -36.731   945.201  
1397.000000 -36.740   945.180  
1398.000000 -36.735   945.159  
1399.000000 -36.739   945.151  
1400.000000 -36.737   945.140  
1401.000000 -36.730   945.173  
1402.000000 -36.745   945.149  
1403.000000 -36.746   945.125  
1404.000000 -36.736   945.123  
1405.000000 -36.745   945.157  
1406.000000 -36.734   945.148  
1407.000000 -36.740   945.139  
1408.000000 -36.733   945.140  
1409.000000 -36.739   945.131  
1410.000000 -36.745   945.148  
1411.000000 -36.746   945.125  
1412.000000 -36.736   945.123  
1413.000000 -36.743   945.122  
1414.000000 -36.748   945.148  
1415.000000 -36.746   945.140  
1416.000000 -36.742   945.145  
1417.000000 -36.740   945.141  
1418.000000 -36.741   945.135  
1419.000000 -36.738   945.156  
1420.000000 -36.737   945.159  
1421.000000 -36.737   945.136  
1422.000000 -36.735   945.149  
1423.000000 -36.737   945.144  
1424.000000 -36.730   945.169  
1425.000000 -36.739   945.148  
1426.000000 -36.733   945.119  
1427.000000 -36.730   945.115  
1428.000000 -36.736   945.125  
1429.000000 -36.731   945.141  
1430.000000 -36.737   945.115  
1431.000000 -36.738   945.131  
1432.000000 -36.743   945.144  
1433.000000 -36.746   945.154  
1434.000000 -36.745   945.136  
1435.000000 -36.742   945.130  
1436.000000 -36.734   945.121  
1437.000000 -36.748   945.136  
1438.000000 -36.750   945.140  
1439.000000 -36.738   945.125  
1440.000000 -36.739   945.122  
1441.000000 -36.736   945.119  
1442.000000 -36.742   945.153  
1443.000000 -36.739   945.141  
1444.000000 -36.743   945.122  
1445.000000 -36.734   945.121  
1446.000000 -36.731   945.130  
1447.000000 -36.747   945.127  
1448.000000 -36.744   945.135  
1449.000000 -36.738   945.128  
1450.000000 -36.750   945.147  
1451.000000 -36.743   945.111  
1452.000000 -36.745   945.144  
1453.000000 -36.748   945.120  
1454.000000 -36.736   945.132  
1455.000000 -36.745   945.131  
1456.000000 -36.742   945.140  
1457.000000 -36.744   945.138  
1458.000000 -36.737   945.150  
1459.000000 -36.735   945.148  
1460.000000 -36.733   945.158  
1461.000000 -36.736   945.131  
1462.000000 -36.741   945.132  
1463.000000 -36.744   945.127  
1464.000000 -36.737   945.145  
1465.000000 -36.736   945.135  
1466.000000 -36.743   945.134  
1467.000000 -36.738   945.132  
1468.000000 -36.740   945.148  
1469.000000 -36.740   945.147  
1470.000000 -36.745   945.159  
1471.000000 -36.736   945.139  
1472.000000 -36.740   945.125  
1473.000000 -36.739   945.119  
1474.000000 -36.737   945.133  
1475.000000 -36.733   945.152  
1476.000000 -36.746   945.145  
1477.000000 -36.734   945.140  
1478.000000 -36.740   945.145  
1479.000000 -36.738   945.158  
1480.000000 -36.728   945.150  
1481.000000 -36.744   945.140  
1482.000000 -36.738   945.157  
1483.000000 -36.745   945.153  
1484.000000 -36.735   945.128  
1485.000000 -36.735   945.146  
1486.000000 -36.744   945.130  
1487.000000 -36.744   945.148  
1488.000000 -36.743   945.144  
1489.000000 -36.734   945.147  
1490.000000 -36.736   945.135  
1491.000000 -36.737   945.135  
1492.000000 -36.741   945.155  
1493.000000 -36.748   945.140  
1494.000000 -36.732   945.129  
1495.000000 -36.741   945.112  
1496.000000 -36.735   945.105  
1497.000000 -36.746   945.139  
1498.000000 -36.732   945.153  
1499.000000 -36.740   945.134  
1500.000000 -36.734   945.129  
1501.000000 -36.735   945.145  
1502.000000 -36.735   945.125  
1503.000000 -36.733   945.137  
1504.000000 -36.742   945.158  
1505.000000 -36.738   945.168  
1506.000000 -36.725   945.159  
1507.000000 -36.721   945.147  
1508.000000 -36.727   945.169  
1509.000000 -36.725   945.155  
1510.000000 -36.724   945.150  
1511.000000 -36.715   945.187  
1512.000000 -36.708   945.177  
1513.000000 -36.719   945.185  
1514.000000 -36.702   945.201  
1515.000000 -36.711   945.200  
1516.000000 -36.710   945.195  
1517.000000 -36.717   945.168  
1518.000000 -36.730   945.184  
1519.000000 -36.712   945.163  
1520.000000 -36.719   945.164  
1521.000000 -36.724   945.181  
1522.000000 -36.723   945.188  
1523.000000 -36.725   945.172  
1524.000000 -36.731   945.187  
1525.000000 -36.723   945.175  
1526.000000 -36.716   945.177  
1527.000000 -36.715   945.164  
1528.000000 -36.719   945.166  
1529.000000 -36.713   945.176  
1530.000000 -36.722   945.181  
1531.000000 -36.710   945.177  
1532.000000 -36.707   945.180  
1533.000000 -36.701   945.207  
1534.000000 -36.706   945.213  
1535.000000 -36.708   945.202  
1536.000000 -36.706   945.196  
1537.000000 -36.701   945.171  
1538.000000 -36.706   945.185  
1539.000000 -36.704   945.199  
1540.000000 -36.707   945.194  
1541.000000 -36.700   945.214  
1542.000000 -36.709   945.192  
1543.000000 -36.700   945.232  
1544.000000 -36.701   945.211  
1545.000000 -36.702   945.202  
1546.000000 -36.706   945.208  
1547.000000 -36.690   945.213  
1548.000000 -36.694   945.203  
1549.000000 -36.695   945.229  
1550.000000 -36.700   945.187  
1551.000000 -36.692   945.225  
1552.000000 -36.702   945.201  
1553.000000 -36.689   945.229  
1554.000000 -36.692   945.232  
1555.000000 -36.693   945.213  
1556.000000 -36.687   945.226  
1557.000000 -36.688   945.220  
1558.000000 -36.686   945.219  
1559.000000 -36.686   945.220  
1560.000000 -36.688   945.221  
1561.000000 -36.694   945.244  
1562.000000 -36.701   945.242  
1563.000000 -36.695   945.254  
1564.000000 -36.689   945.269  
1565.000000 -36.694   945.247  
1566.000000 -36.690   945.245  
1567.000000 -36.677   945.253  
1568.000000 -36.684   945.262  
1569.000000 -36.684   945.272  
1570.000000 -36.679   945.281  
1571.000000 -36.675   945.262  
1572.000000 -36.671   945.272  
1573.000000 -36.674   945.280  
1574.000000 -36.657   945.290  
1575.000000 -36.665   945.268  
1576.000000 -36.666   945.279  
1577.000000 -36.650   945.311  
1578.000000 -36.658   945.285  
1579.000000 -36.652   945.290  
1580.000000 -36.652   945.305  
1581.000000 -36.660   945.294  
1582.000000 -36.652   945.324  
1583.000000 -36.662   945.314  
1584.000000 -36.663   945.295  
1585.000000 -36.667   945.302  
1586.000000 -36.662   945.316  
1587.000000 -36.656   945.305  
1588.000000 -36.669   945.307  
1589.000000 -36.668   945.314  
1590.000000 -36.665   945.303  
1591.000000 -36.674   945.314  
1592.000000 -36.672   945.320  
1593.000000 -36.672   945.345  
1594.000000 -36.659   945.302  
1595.000000 -36.660   945.307  
1596.000000 -36.660   945.305  
1597.000000 -36.649   945.327  
1598.000000 -36.662   945.314  
1599.000000 -36.653   945.338  
1600.000000 -36.653   945.332  
1601.000000 -36.649   945.328  
1602.000000 -36.645   945.352  
1603.000000 -36.650   945.328  
1604.000000 -36.651   945.322  
1605.000000 -36.647   945.356  
1606.000000 -36.645   945.325  
1607.000000 -36.648   945.365  
1608.000000 -36.647   945.355  
1609.000000 -36.647   945.353  
1610.000000 -36.649   945.349  
1611.000000 -36.650   945.334  
1612.000000 -36.658   945.333  
1613.000000 -36.645   945.345  
1614.000000 -36.656   945.339  
1615.000000 -36.645   945.328  
1616.000000 -36.640   945.345  
1617.000000 -36.639   945.328  
1618.000000 -36.636   945.369  
1619.000000 -36.637   945.390  
1620.000000 -36.634   945.358  
1621.000000 -36.629   945.366  
1622.000000 -36.636   945.360  
1623.000000 -36.624   945.381  
1624.000000 -36.629   945.382  
1625.000000 -36.636   945.374  
1626.000000 -36.633   945.390  
1627.000000 -36.640   945.358  
1628.000000 -36.639   945.379  
1629.000000 -36.629   945.379  
1630.000000 -36.627   945.373  
1631.000000 -36.633   945.393  
1632.000000 -36.635   945.377  
1633.000000 -36.632   945.349  
1634.000000 -36.635   945.353  
1635.000000 -36.632   945.366  
1636.000000 -36.627   945.387  
1637.000000 -36.639   945.381  
1638.000000 -36.628   945.369  
1639.000000 -36.626   945.366  
1640.000000 -36.632   945.347  
1641.000000 -36.627   945.375  
1642.000000 -36.629   945.394  
1643.000000 -36.610   945.380  
1644.000000 -36.636   945.385  
1645.000000 -36.633   945.372  
1646.000000 -36.626   945.371  
1647.000000 -36.634   945.404  
1648.000000 -36.624   945.370  
1649.000000 -36.623   945.373  
1650.000000 -36.620   945.381  
1651.000000 -36.631   945.386  
1652.000000 -36.636   945.390  
1653.000000 -36.627   945.378  
1654.000000 -36.638   945.365  
1655.000000 -36.635   945.410  
1656.000000 -36.638   945.374  
1657.000000 -36.639   945.363  
1658.000000 -36.634   945.362  
1659.000000 -36.628   945.372  
1660.000000 -36.637   945.370  
1661.000000 -36.636   945.392  
1662.000000 -36.634   945.381  
1663.000000 -36.636   945.396  
1664.000000 -36.637   945.371  
1665.000000 -36.636   945.368  
1666.000000 -36.637   945.366  
1667.000000 -36.625   945.397  
1668.000000 -36.634   945.369  
1669.000000 -36.639   945.405  
1670.000000 -36.641   945.371  
1671.000000 -36.638   945.348  
1672.000000 -36.634   945.376  
1673.000000 -36.646   945.391  
1674.000000 -36.642   945.344  
1675.000000 -36.637   945.345  
1676.000000 -36.635   945.365  
1677.000000 -36.643   945.362  
1678.000000 -36.629   945.388  
1679.000000 -36.628   945.384  
1680.000000 -36.632   945.359  
1681.000000 -36.632   945.369  
1682.000000 -36.636   945.389  
1683.000000 -36.638   945.373  
1684.000000 -36.644   945.374  
1685.000000 -36.640   945.372  
1686.000000 -36.642   945.400  
1687.000000 -36.631   945.391  
1688.000000 -36.625   945.390  
1689.000000 -36.631   945.414  
1690.000000 -36.627   945.408  
1691.000000 -36.627   945.360  
1692.000000 -36.633   945.406  
1693.000000 -36.629   945.394  
1694.000000 -36.614   945.407  
1695.000000 -36.609   945.406  
1696.000000 -36.603   945.386  
1697.000000 -36.605   945.421  
1698.000000 -36.607   945.418  
1699.000000 -36.600   945.435  
1700.000000 -36.609   945.421  
1701.000000 -36.598   945.405  
1702.000000 -36.608   945.450  
1703.000000 -36.601   945.439  
1704.000000 -36.600   945.414  
1705.000000 -36.598   945.442  
1706.000000 -36.599   945.421  
1707.000000 -36.603   945.426  
1708.000000 -36.612   945.424  
1709.000000 -36.606   945.427  
1710.000000 -36.606   945.447  
1711.000000 -36.603   945.416  
1712.000000 -36.609   945.441  
1713.000000 -36.613   945.432  
1714.000000 -36.609   945.431  
1715.000000 -36.608   945.452  
1716.000000 -36.611   945.439  
1717.000000 -36.608   945.451  
1718.000000 -36.605   945.427  
1719.000000 -36.602   945.428  
1720.000000 -36.614   945.418  
1721.000000 -36.605   945.440  
1722.000000 -36.603   945.434  
1723.000000 -36.610   945.435  
1724.000000 -36.614   945.458  
1725.000000 -36.609   945.418  
1726.000000 -36.604   945.400  
1727.000000 -36.603   945.425  
1728.000000 -36.593   945.446  
1729.000000 -36.603   945.466  
1730.000000 -36.604   945.446  
1731.000000 -36.592   945.470  
1732.000000 -36.610   945.458  
1733.000000 -36.602   945.438  
1734.000000 -36.590   945.478  
1735.000000 -36.593   945.466  
1736.000000 -36.595   945.467  
1737.000000 -36.601   945.429  
1738.000000 -36.586   945.438  
1739.000000 -36.588   945.452  
1740.000000 -36.601   945.473  
1741.000000 -36.589   945.458  
1742.000000 -36.601   945.459  
1743.000000 -36.592   945.463  
1744.000000 -36.593   945.452  
1745.000000 -36.599   945.452  
1746.000000 -36.590   945.448  
1747.000000 -36.599   945.456  
1748.000000 -36.596   945.449  
1749.000000 -36.595   945.456  
1750.000000 -36.593   945.470  
1751.000000 -36.600   945.477  
1752.000000 -36.598   945.474  
1753.000000 -36.599   945.462  
1754.000000 -36.599   945.478  
1755.000000 -36.594   945.451  
1756.000000 -36.594   945.455  
1757.000000 -36.599   945.452  
1758.000000 -36.594   945.435  
1759.000000 -36.597   945.437  
1760.000000 -36.614   945.474  
1761.000000 -36.600   945.456  
1762.000000 -36.602   945.424  
1763.000000 -36.611   945.457  
1764.000000 -36.609   945.431  
1765.000000 -36.606   945.427  
1766.000000 -36.604   945.446  
1767.000000 -36.607   945.435  
1768.000000 -36.612   945.461  
1769.000000 -36.614   945.455  
1770.000000 -36.609   945.431  
1771.000000 -36.603   945.425  
1772.000000 -36.615   945.432  
1773.000000 -36.602   945.434  
1774.000000 -36.594   945.430  
1775.000000 -36.604   945.453  
1776.000000 -36.598   945.458  
1777.000000 -36.601   945.450  
1778.000000 -36.607   945.445  
1779.000000 -36.605   945.455  
1780.000000 -36.606   945.431  
1781.000000 -36.606   945.429  
1782.000000 -36.610   945.439  
1783.000000 -36.609   945.469  
1784.000000 -36.601   945.483  
1785.000000 -36.596   945.420  
1786.000000 -36.601   945.458  
1787.000000 -36.592   945.446  
1788.000000 -36.601   945.484  
1789.000000 -36.590   945.481  
1790.000000 -36.591   945.470  
1791.000000 -36.583   945.484  
1792.000000 -36.582   945.499  
1793.000000 -36.581   945.476  
1794.000000 -36.572   945.489  
1795.000000 -36.570   945.484  
1796.000000 -36.577   945.488  
1797.000000 -36.575   945.473  
1798.000000 -36.573   945.518  
1799.000000 -36.572   945.507  
1800.000000 -36.574   945.522  
1801.000000 -36.575   945.479  
1802.000000 -36.574   945.497  
1803.000000 -36.573   945.502  
1804.000000 -36.577   945.493  
1805.000000 -36.584   945.510  
1806.000000 -36.578   945.528  
1807.000000 -36.585   945.484  
1808.000000 -36.580   945.517  
1809.000000 -36.578   945.520  
1810.000000 -36.571   945.529  
1811.000000 -36.572   945.514  
1812.000000 -36.576   945.510  
1813.000000 -36.567   945.509  
1814.000000 -36.566   945.541  
1815.000000 -36.569   945.523  
1816.000000 -36.551   945.505  
1817.000000 -36.558   945.504  
1818.000000 -36.565   945.521  
1819.000000 -36.565   945.515  
1820.000000 -36.569   945.523  
1821.000000 -36.573   945.541  
1822.000000 -36.581   945.519  
1823.000000 -36.575   945.520  
1824.000000 -36.571   945.500  
1825.000000 -36.571   945.535  
1826.000000 -36.575   945.525  
1827.000000 -36.580   945.526  
1828.000000 -36.569   945.501  
1829.000000 -36.579   945.513  
1830.000000 -36.576   945.513  
1831.000000 -36.574   945.516  
1832.000000 -36.572   945.525  
1833.000000 -36.568   945.508  
1834.000000 -36.577   945.529  
1835.000000 -36.569   945.534  
1836.000000 -36.564   945.530  
1837.000000 -36.580   945.512  
1838.000000 -36.573   945.502  
1839.000000 -36.570   945.522  
1840.000000 -36.571   945.513  
1841.000000 -36.570   945.513  
1842.000000 -36.572   945.498  
1843.000000 -36.574   945.514  
1844.000000 -36.569   945.526  
1845.000000 -36.572   945.518  
1846.000000 -36.575   945.530  
1847.000000 -36.577   945.514  
1848.000000 -36.569   945.504  
1849.000000 -36.572   945.514  
1850.000000 -36.572   945.525  
1851.000000 -36.575   945.525  
1852.000000 -36.568   945.518  
1853.000000 -36.563   945.506  
1854.000000 -36.573   945.517  
1855.000000 -36.572   945.528  
1856.000000 -36.577   945.527  
1857.000000 -36.581   945.495  
1858.000000 -36.577   945.524  
1859.000000 -36.578   945.528  
1860.000000 -36.570   945.520  
1861.000000 -36.582   945.528  
1862.000000 -36.583   945.513  
1863.000000 -36.574   945.521  
1864.000000 -36.578   945.513  
1865.000000 -36.572   945.540  
1866.000000 -36.577   945.534  
1867.000000 -36.576   945.511  
1868.000000 -36.576   945.521  
1869.000000 -36.571   945.503  
1870.000000 -36.572   945.510  
1871.000000 -36.575   945.533  
1872.000000 -36.572   945.521  
1873.000000 -36.569   945.530  
1874.000000 -36.581   945.527  
1875.000000 -36.572   945.540  
1876.000000 -36.575   945.511  
1877.000000 -36.567   945.520  
1878.000000 -36.580   945.514  
1879.000000 -36.571   945.531  
1880.000000 -36.579   945.527  
1881.000000 -36.574   945.518  
1882.000000 -36.575   945.515  
1883.000000 -36.579   945.514  
1884.000000 -36.579   945.509  
1885.000000 -36.585   945.475  
1886.000000 -36.583   945.523  
1887.000000 -36.583   945.508  
1888.000000 -36.585   945.500  
1889.000000 -36.575   945.534  
1890.000000 -36.583   945.512  
1891.000000 -36.589   945.515  
1892.000000 -36.582   945.518  
1893.000000 -36.585   945.526  
1894.000000 -36.571   945.519  
1895.000000 -36.579   945.490  
1896.000000 -36.580   945.488  
1897.000000 -36.578   945.505  
1898.000000 -36.585   945.517  
1899.000000 -36.583   945.501  
1900.000000 -36.587   945.508  
1901.000000 -36.578   945.504  
1902.000000 -36.574   945.496  
1903.000000 -36.578   945.517  
1904.000000 -36.585   945.501  
1905.000000 -36.586   945.501  
1906.000000 -36.583   945.488  
1907.000000 -36.587   945.489  
1908.000000 -36.581   945.508  
1909.000000 -36.589   945.507  
1910.000000 -36.592   945.512  
1911.000000 -36.590   945.512  
1912.000000 -36.595   945.489  
1913.000000 -36.598   945.475  
1914.000000 -36.595   945.498  
1915.000000 -36.594   945.502  
1916.000000 -36.598   945.489  
1917.000000 -36.595   945.465  
1918.000000 -36.597   945.472  
1919.000000 -36.597   945.462  
1920.000000 -36.603   945.468  
1921.000000 -36.593   945.469  
1922.000000 -36.605   945.494  
1923.000000 -36.602   945.495  
1924.000000 -36.604   945.466  
1925.000000 -36.611   945.500  
1926.000000 -36.600   945.468  
1927.000000 -36.607   945.459  
1928.000000 -36.605   945.455  
1929.000000 -36.601   945.466  
1930.000000 -36.613   945.444  
1931.000000 -36.609   945.484  
1932.000000 -36.606   945.491  
1933.000000 -36.612   945.469  
1934.000000 -36.600   945.473  
1935.000000 -36.612   945.487  
1936.000000 -36.617   945.478  
1937.000000 -36.621   945.455  
1938.000000 -36.620   945.427  
1939.000000 -36.626   945.453  
1940.000000 -36.617   945.468  
1941.000000 -36.622   945.437  
1942.000000 -36.619   945.413  
1943.000000 -36.619   945.453  
1944.000000 -36.614   945.421  
1945.000000 -36.624   945.414  
1946.000000 -36.632   945.427  
1947.000000 -36.627   945.411  
1948.000000 -36.630   945.417  
1949.000000 -36.621   945.412  
1950.000000 -36.636   945.428  
1951.000000 -36.623   945.415  
1952.000000 -36.630   945.430  
1953.000000 -36.632   945.411  
1954.000000 -36.627   945.422  
1955.000000 -36.627   945.416  
1956.000000 -36.635   945.392  
1957.000000 -36.629   945.397  
1958.000000 -36.636   945.420  
1959.000000 -36.635   945.393  
1960.000000 -36.627   945.406  
1961.000000 -36.637   945.421  
1962.000000 -36.635   945.408  
1963.000000 -36.643   945.364  
1964.000000 -36.640   945.410  
1965.000000 -36.650   945.395  
1966.000000 -36.645   945.387  
1967.000000 -36.645   945.373  
1968.000000 -36.652   945.368  
1969.000000 -36.653   945.368  
1970.000000 -36.657   945.361  
1971.000000 -36.653   945.375  
1972.000000 -36.667   945.347  
1973.000000 -36.657   945.346  
1974.000000 -36.658   945.379  
1975.000000 -36.664   945.340  
1976.000000 -36.657   945.346  
1977.000000 -36.658   945.329  
1978.000000 -36.657   945.362  
1979.000000 -36.657   945.359  
1980.000000 -36.649   945.336  
1981.000000 -36.665   945.349  
1982.000000 -36.666   945.325  
1983.000000 -36.653   945.334  
1984.000000 -36.654   945.304  
1985.000000 -36.658   945.343  
1986.000000 -36.669   945.325  
1987.000000 -36.661   945.338  
1988.000000 -36.661   945.328  
1989.000000 -36.656   945.315  
1990.000000 -36.666   945.331  
1991.000000 -36.666   945.344  
1992.000000 -36.656   945.317  
1993.000000 -36.665   945.301  
1994.000000 -36.675   945.323  
1995.000000 -36.665   945.332  
1996.000000 -36.673   945.313  
1997.000000 -36.679   945.323  
1998.000000 -36.675   945.306  
1999.000000 -36.678   945.335  
2000.000000 -36.680   945.303  
2001.000000 -36.682   945.307  
2002.000000 -36.675   945.313  
2003.000000 -36.679   945.299  
2004.000000 -36.683   945.300  
2005.000000 -36.674   945.283  
2006.000000 -36.684   945.273  
2007.000000 -36.678   945.283  
2008.000000 -36.674   945.306  
2009.000000 -36.681   945.287  
2010.000000 -36.679   945.295  
2011.000000 -36.676   945.279  
2012.000000 -36.679   945.299  
2013.000000 -36.683   945.291  
2014.000000 -36.691   945.283  
2015.000000 -36.685   945.263  
2016.000000 -36.692   945.269  
2017.000000 -36.692   945.278  
2018.000000 -36.682   945.291  
2019.000000 -36.694   945.257  
2020.000000 -36.701   945.283  
2021.000000 -36.691   945.248  
2022.000000 -36.694   945.263  
2023.000000 -36.692   945.270  
2024.000000 -36.692   945.261  
2025.000000 -36.692   945.280  
2026.000000 -36.697   945.290  
2027.000000 -36.687   945.250  
2028.000000 -36.696   945.262  
2029.000000 -36.696   945.266  
2030.000000 -36.695   945.252  
2031.000000 -36.691   945.255  
2032.000000 -36.697   945.245  
2033.000000 -36.696   945.251  
2034.000000 -36.698   945.269  
2035.000000 -36.699   945.258  
2036.000000 -36.703   945.217  
2037.000000 -36.697   945.254  
2038.000000 -36.699   945.238  
2039.000000 -36.696   945.271  
2040.000000 -36.692   945.234  
2041.000000 -36.690   945.244  
2042.000000 -36.693   945.235  
2043.000000 -36.691   945.250  
2044.000000 -36.689   945.259  
2045.000000 -36.685   945.253  
2046.000000 -36.690   945.250  
2047.000000 -36.689   945.266  
2048.000000 -36.690   945.228  
2049.000000 -36.681   945.248  
2050.000000 -36.687   945.242  
2051.000000 -36.693   945.251  
2052.000000 -36.696   945.260  
2053.000000 -36.693   945.264  
2054.000000 -36.701   945.246  
2055.000000 -36.699   945.245  
2056.000000 -36.696   945.222  
2057.000000 -36.697   945.247  
2058.000000 -36.702   945.248  
2059.000000 -36.693   945.251  
2060.000000 -36.698   945.235  
2061.000000 -36.692   945.243  
2062.000000 -36.688   945.259  
2063.000000 -36.697   945.260  
2064.000000 -36.694   945.261  
2065.000000 -36.693   945.243  
2066.000000 -36.694   945.245  
2067.000000 -36.686   945.252  
2068.000000 -36.699   945.236  
2069.000000 -36.693   945.237  
2070.000000 -36.699   945.238  
2071.000000 -36.689   945.246  
2072.000000 -36.695   945.201  
2073.000000 -36.689   945.220  
2074.000000 -36.694   945.239  
2075.000000 -36.692   945.250  
2076.000000 -36.699   945.254  
2077.000000 -36.707   945.264  
2078.000000 -36.713   945.236  
2079.000000 -36.697   945.253  
2080.000000 -36.713   945.220  
2081.000000 -36.706   945.254  
2082.000000 -36.704   945.228  
2083.000000 -36.707   945.237  
2084.000000 -36.710   945.222  
2085.000000 -36.706   945.253  
2086.000000 -36.703   945.231  
2087.000000 -36.711   945.254  
2088.000000 -36.711   945.250  
2089.000000 -36.713   945.240  
2090.000000 -36.711   945.237  
2091.000000 -36.705   945.248  
2092.000000 -36.702   945.254  
2093.000000 -36.699   945.228  
2094.000000 -36.687   945.260  
2095.000000 -36.692   945.226  
2096.000000 -36.695   945.266  
2097.000000 -36.688   945.254  
2098.000000 -36.687   945.251  
2099.000000 -36.689   945.241  
2100.000000 -36.687   945.257  
2101.000000 -36.685   945.273  
2102.000000 -36.690   945.226  
2103.000000 -36.687   945.281  
2104.000000 -36.693   945.269  
2105.000000 -36.683   945.250  
2106.000000 -36.685   945.255  
2107.000000 -36.698   945.245  
2108.000000 -36.687   945.276  
2109.000000 -36.690   945.236  
2110.000000 -36.695   945.260  
2111.000000 -36.701   945.269  
2112.000000 -36.692   945.260  
2113.000000 -36.702   945.245  
2114.000000 -36.694   945.251  
2115.000000 -36.694   945.245  
2116.000000 -36.692   945.259  
2117.000000 -36.698   945.253  
2118.000000 -36.692   945.267  
2119.000000 -36.687   945.276  
2120.000000 -36.686   945.238  
2121.000000 -36.681   945.232  
2122.000000 -36.678   945.264  
2123.000000 -36.679   945.247  
2124.000000 -36.673   945.270  
2125.000000 -36.674   945.281  
2126.000000 -36.678   945.245  
2127.000000 -36.675   945.267  
2128.000000 -36.684   945.250  
2129.000000 -36.682   945.275  
2130.000000 -36.685   945.284  
2131.000000 -36.688   945.241  
2132.000000 -36.688   945.254  
2133.000000 -36.677   945.272  
2134.000000 -36.695   945.254  
2135.000000 -36.691   945.257  
2136.000000 -36.679   945.255  
2137.000000 -36.686   945.245  
2138.000000 -36.680   945.267  
2139.000000 -36.678   945.288  
2140.000000 -36.681   945.263  
2141.000000 -36.683   945.289  
2142.000000 -36.677   945.280  
2143.000000 -36.670   945.282  
2144.000000 -36.666   945.294  
2145.000000 -36.671   945.263  
2146.000000 -36.681   945.305  
2147.000000 -36.677   945.272  
2148.000000 -36.666   945.282  
2149.000000 -36.663   945.316  
2150.000000 -36.657   945.276  
2151.000000 -36.672   945.284  
2152.000000 -36.664   945.296  
2153.000000 -36.663   945.277  
2154.000000 -36.667   945.324  
2155.000000 -36.661   945.313  
2156.000000 -36.659   945.275  
2157.000000 -36.673   945.317  
2158.000000 -36.654   945.268  
2159.000000 -36.662   945.305  
2160.000000 -36.667   945.313  
2161.000000 -36.669   945.259  
2162.000000 -36.676   945.292  
2163.000000 -36.672   945.290  
2164.000000 -36.668   945.273  
2165.000000 -36.684   945.285  
2166.000000 -36.679   945.273  
2167.000000 -36.679   945.263  
2168.000000 -36.675   945.271  
2169.000000 -36.671   945.277  
2170.000000 -36.680   945.273  
2171.000000 -36.681   945.263  
2172.000000 -36.675   945.265  
2173.000000 -36.673   945.297  
2174.000000 -36.680   945.279  
2175.000000 -36.664   945.287  
2176.000000 -36.667   945.294  
2177.000000 -36.668   945.281  
2178.000000 -36.660   945.304  
2179.000000 -36.666   945.284  
2180.000000 -36.658   945.278  
2181.000000 -36.665   945.282  
2182.000000 -36.658   945.283  
2183.000000 -36.671   945.259  
2184.000000 -36.667   945.287  
2185.000000 -36.663   945.269  
2186.000000 -36.664   945.293  
2187.000000 -36.669   945.273  
2188.000000 -36.670   945.293  
2189.000000 -36.674   945.266  
2190.000000 -36.675   945.279  
2191.000000 -36.676   945.298  
2192.000000 -36.668   945.295  
2193.000000 -36.673   945.271  
2194.000000 -36.676   945.295  
2195.000000 -36.680   945.293  
2196.000000 -36.675   945.275  
2197.000000 -36.674   945.280  
2198.000000 -36.672   945.278  
2199.000000 -36.688   945.284  
2200.000000 -36.669   945.275  
2201.000000 -36.674   945.281  
2202.000000 -36.667   945.289  
2203.000000 -36.676   945.264  
2204.000000 -36.673   945.310  
2205.000000 -36.679   945.285  
2206.000000 -36.674   945.283  
2207.000000 -36.666   945.308  
2208.000000 -36.670   945.294  
2209.000000 -36.661   945.316  
2210.000000 -36.663   945.301  
2211.000000 -36.665   945.295  
2212.000000 -36.663   945.273  
2213.000000 -36.669   945.324  
2214.000000 -36.660   945.295  
2215.000000 -36.648   945.310  
2216.000000 -36.667   945.290  
2217.000000 -36.662   945.307  
2218.000000 -36.675   945.277  
2219.000000 -36.660   945.293  
2220.000000 -36.674   945.318  
2221.000000 -36.672   945.291  
2222.000000 -36.669   945.284  
2223.000000 -36.668   945.299  
2224.000000 -36.670   945.265  
2225.000000 -36.671   945.288  
2226.000000 -36.667   945.324  
2227.000000 -36.665   945.307  
2228.000000 -36.669   945.330  
2229.000000 -36.662   945.317  
2230.000000 -36.657   945.335  
2231.000000 -36.663   945.293  
2232.000000 -36.643   945.321  
2233.000000 -36.646   945.319  
2234.000000 -36.648   945.347  
2235.000000 -36.650   945.327  
2236.000000 -36.645   945.331  
2237.000000 -36.644   945.358  
2238.000000 -36.639   945.338  
2239.000000 -36.648   945.353  
2240.000000 -36.642   945.321  
2241.000000 -36.644   945.324  
2242.000000 -36.647   945.328  
2243.000000 -36.637   945.318  
2244.000000 -36.646   945.361  
2245.000000 -36.646   945.358  
2246.000000 -36.653   945.358  
2247.000000 -36.656   945.327  
2248.000000 -36.651   945.349  
2249.000000 -36.652   945.335  
2250.000000 -36.650   945.339  
2251.000000 -36.650   945.353  
2252.000000 -36.655   945.333  
2253.000000 -36.658   945.335  
2254.000000 -36.648   945.311  
2255.000000 -36.644   945.336  
2256.000000 -36.655   945.344  
2257.000000 -36.650   945.340  
2258.000000 -36.654   945.334  
2259.000000 -36.648   945.296  
2260.000000 -36.640   945.344  
2261.000000 -36.640   945.355  
2262.000000 -36.640   945.360  
2263.000000 -36.642   945.343  
2264.000000 -36.635   945.337  
2265.000000 -36.637   945.330  
2266.000000 -36.644   945.338  
2267.000000 -36.625   945.325  
2268.000000 -36.629   945.349  
2269.000000 -36.640   945.317  
2270.000000 -36.635   945.341  
2271.000000 -36.639   945.328  
2272.000000 -36.640   945.336  
2273.000000 -36.641   945.345  
2274.000000 -36.642   945.324  
2275.000000 -36.645   945.315  
2276.000000 -36.653   945.336  
2277.000000 -36.647   945.341  
2278.000000 -36.651   945.367  
2279.000000 -36.656   945.369  
2280.000000 -36.653   945.343  
2281.000000 -36.651   945.345  
2282.000000 -36.651   945.366  
2283.000000 -36.650   945.338  
2284.000000 -36.643   945.340  
2285.000000 -36.645   945.338  
2286.000000 -36.647   945.335  
2287.000000 -36.648   945.338  
2288.000000 -36.641   945.343  
2289.000000 -36.638   945.346  
2290.000000 -36.639   945.315  
2291.000000 -36.642   945.351  
2292.000000 -36.637   945.328  
2293.000000 -36.638   945.326  
2294.000000 -36.639   945.324  
2295.000000 -36.640   945.339  
2296.000000 -36.651   945.337  
2297.000000 -36.639   945.376  
2298.000000 -36.653   945.360  
2299.000000 -36.643   945.322  
2300.000000 -36.653   945.313  
2301.000000 -36.661   945.304  
2302.000000 -36.653   945.333  
2303.000000 -36.654   945.368  
2304.000000 -36.657   945.317  
2305.000000 -36.668   945.319  
2306.000000 -36.670   945.298  
2307.000000 -36.670   945.337  
2308.000000 -36.667   945.345  
2309.000000 -36.665   945.312  
2310.000000 -36.670   945.295  
2311.000000 -36.662   945.304  
2312.000000 -36.667   945.305  
2313.000000 -36.659   945.299  
2314.000000 -36.664   945.314  
2315.000000 -36.667   945.315  
2316.000000 -36.664   945.301  
2317.000000 -36.663   945.325  
2318.000000 -36.658   945.309  
2319.000000 -36.652   945.297  
2320.000000 -36.666   945.298  
2321.000000 -36.655   945.312  
2322.000000 -36.659   945.310  
2323.000000 -36.661   945.323  
2324.000000 -36.654   945.337  
2325.000000 -36.652   945.339  
2326.000000 -36.654   945.325  
2327.000000 -36.649   945.319  
2328.000000 -36.655   945.307  
2329.000000 -36.658   945.316  
2330.000000 -36.652   945.327  
2331.000000 -36.652   945.330  
2332.000000 -36.655   945.322  
2333.000000 -36.666   945.317  
2334.000000 -36.660   945.340  
2335.000000 -36.667   945.311  
2336.000000 -36.663   945.307  
2337.000000 -36.670   945.289  
2338.000000 -36.667   945.331  
2339.000000 -36.672   945.291  
2340.000000 -36.671   945.306  
2341.000000 -36.666   945.306  
2342.000000 -36.671   945.325  
2343.000000 -36.663   945.315  
2344.000000 -36.670   945.339  
2345.000000 -36.662   945.312  
2346.000000 -36.670   945.315  
2347.000000 -36.659   945.305  
2348.000000 -36.659   945.330  
2349.000000 -36.658   945.337  
2350.000000 -36.649   945.314  
2351.000000 -36.657   945.313  
2352.000000 -36.657   945.324  
2353.000000 -36.665   945.319  
2354.000000 -36.655   945.317  
2355.000000 -36.657   945.318  
2356.000000 -36.663   945.312  
2357.000000 -36.658   945.340  
2358.000000 -36.663   945.308  
2359.000000 -36.662   945.315  
2360.000000 -36.658   945.311  
2361.000000 -36.671   945.316  
2362.000000 -36.667   945.309  
2363.000000 -36.667   945.321  
2364.000000 -36.663   945.315  
2365.000000 -36.672   945.301  
2366.000000 -36.676   945.296  
2367.000000 -36.675   945.315  
2368.000000 -36.662   945.298  
2369.000000 -36.671   945.327  
2370.000000 -36.662   945.310  
2371.000000 -36.666   945.310  
2372.000000 -36.660   945.305  
2373.000000 -36.665   945.321  
2374.000000 -36.673   945.311  
2375.000000 -36.668   945.314  
2376.000000 -36.656   945.316  
2377.000000 -36.661   945.312  
2378.000000 -36.653   945.323  
2379.000000 -36.652   945.319  
2380.000000 -36.646   945.321  
2381.000000 -36.658   945.315  
2382.000000 -36.650   945.334  
2383.000000 -36.652   945.318  
2384.000000 -36.661   945.320  
2385.000000 -36.664   945.291  
2386.000000 -36.659   945.316  
2387.000000 -36.659   945.292  
2388.000000 -36.668   945.286  
2389.000000 -36.665   945.302  
2390.000000 -36.668   945.288  
2391.000000 -36.672   945.292  
2392.000000 -36.676   945.299  
2393.000000 -36.661   945.296  
2394.000000 -36.677   945.295  
2395.000000 -36.676   945.306  
2396.000000 -36.675   945.293  
2397.000000 -36.677   945.323  
2398.000000 -36.667   945.279  
2399.000000 -36.670   945.298  
2400.000000 -36.661   945.304  
2401.000000 -36.666   945.302  
2402.000000 -36.659   945.319  
2403.000000 -36.660   945.293  
2404.000000 -36.653   945.326  
2405.000000 -36.669   945.298  
2406.000000 -36.665   945.312  
2407.000000 -36.667   945.310  
2408.000000 -36.652   945.326  
2409.000000 -36.656   945.288  
2410.000000 -36.661   945.297  
2411.000000 -36.662   945.310  
2412.000000 -36.659   945.289  
2413.000000 -36.662   945.287  
2414.000000 -36.656   945.326  
2415.000000 -36.667   945.307  
2416.000000 -36.663   945.314  
2417.000000 -36.661   945.317  
2418.000000 -36.662   945.332  
2419.000000 -36.651   945.311  
2420.000000 -36.659   945.331  
2421.000000 -36.653   945.346  
2422.000000 -36.657   945.297  
2423.000000 -36.665   945.315  
2424.000000 -36.658   945.329  
2425.000000 -36.661   945.296  
2426.000000 -36.647   945.324  
2427.000000 -36.659   945.306  
2428.000000 -36.654   945.314  
2429.000000 -36.654   945.316  
2430.000000 -36.664   945.307  
2431.000000 -36.665   945.313  
2432.000000 -36.657   945.325  
2433.000000 -36.655   945.314  
2434.000000 -36.652   945.346  
2435.000000 -36.648   945.332  
2436.000000 -36.652   945.320  
2437.000000 -36.651   945.313  
2438.000000 -36.649   945.331  
2439.000000 -36.657   945.329  
2440.000000 -36.646   945.320  
2441.000000 -36.645   945.325  
2442.000000 -36.647   945.324  
2443.000000 -36.649   945.346  
2444.000000 -36.657   945.320  
2445.000000 -36.649   945.316  
2446.000000 -36.664   945.327  
2447.000000 -36.659   945.334  
2448.000000 -36.658   945.334  
2449.000000 -36.660   945.306  
2450.000000 -36.666   945.307  
2451.000000 -36.663   945.315  
2452.000000 -36.663   945.318  
2453.000000 -36.671   945.308  
2454.000000 -36.658   945.314  
2455.000000 -36.668   945.305  
2456.000000 -36.655   945.301  
2457.000000 -36.663   945.304  
2458.000000 -36.657   945.321  
2459.000000 -36.649   945.324  
2460.000000 -36.642   945.306  
2461.000000 -36.656   945.324  
2462.000000 -36.648   945.321  
2463.000000 -36.650   945.330  
2464.000000 -36.638   945.342  
2465.000000 -36.647   945.337  
2466.000000 -36.644   945.322  
2467.000000 -36.644   945.310  
2468.000000 -36.656   945.326  
2469.000000 -36.652   945.338  
2470.000000 -36.648   945.360  
2471.000000 -36.656   945.324  
2472.000000 -36.652   945.359  
2473.000000 -36.653   945.334  
2474.000000 -36.650   945.344  
2475.000000 -36.652   945.316  
2476.000000 -36.649   945.306  
2477.000000 -36.653   945.327  
2478.000000 -36.654   945.309  
2479.000000 -36.652   945.317  
2480.000000 -36.652   945.322  
2481.000000 -36.654   945.316  
2482.000000 -36.656   945.313  
2483.000000 -36.652   945.351  
2484.000000 -36.665   945.318  
2485.000000 -36.654   945.325  
2486.000000 -36.655   945.320  
2487.000000 -36.652   945.334  
2488.000000 -36.658   945.316  
2489.000000 -36.652   945.342  
2490.000000 -36.654   945.331  
2491.000000 -36.645   945.331  
2492.000000 -36.648   945.338  
2493.000000 -36.646   945.349  
2494.000000 -36.638   945.333  
2495.000000 -36.649   945.343  
2496.000000 -36.650   945.320  
2497.000000 -36.646   945.331  
2498.000000 -36.651   945.355  
2499.000000 -36.652   945.329  
2500.000000 -36.646   945.346  
2501.000000 -36.657   945.344  
2502.000000 -36.651   945.336  
2503.000000 -36.662   945.315  
2504.000000 -36.657   945.320  
2505.000000 -36.658   945.336  
2506.000000 -36.663   945.347  
2507.000000 -36.654   945.313  
2508.000000 -36.667   945.327  
2509.000000 -36.659   945.359  
2510.000000 -36.656   945.319  
2511.000000 -36.659   945.350  
2512.000000 -36.662   945.335  
2513.000000 -36.662   945.320  
2514.000000 -36.661   945.323  
2515.000000 -36.650   945.320  
2516.000000 -36.660   945.324  
2517.000000 -36.646   945.351  
2518.000000 -36.658   945.332  
2519.000000 -36.647   945.335  
2520.000000 -36.653   945.357  
2521.000000 -36.647   945.365  
2522.000000 -36.646   945.353  
2523.000000 -36.641   945.364  
2524.000000 -36.648   945.357  
2525.000000 -36.644   945.354  
2526.000000 -36.642   945.369  
2527.000000 -36.633   945.357  
2528.000000 -36.642   945.338  
2529.000000 -36.637   945.354  
2530.000000 -36.641   945.347  
2531.000000 -36.636   945.353  
2532.000000 -36.636   945.356  
2533.000000 -36.640   945.346  
2534.000000 -36.643   945.344  
2535.000000 -36.636   945.327  
2536.000000 -36.641   945.369  
2537.000000 -36.637   945.345  
2538.000000 -36.645   945.376  
2539.000000 -36.646   945.366  
2540.000000 -36.643   945.372  
2541.000000 -36.646   945.345  
2542.000000 -36.647   945.370  
2543.000000 -36.632   945.348  
2544.000000 -36.642   945.366  
2545.000000 -36.639   945.382  
2546.000000 -36.633   945.361  
2547.000000 -36.637   945.366  
2548.000000 -36.632   945.354  
2549.000000 -36.634   945.375  
2550.000000 -36.624   945.368  
2551.000000 -36.626   945.361  
2552.000000 -36.621   945.364  
2553.000000 -36.622   945.355  
2554.000000 -36.623   945.355  
2555.000000 -36.639   945.366  
2556.000000 -36.643   945.372  
2557.000000 -36.646   945.333  
2558.000000 -36.651   945.348  
2559.000000 -36.659   945.346  
2560.000000 -36.658   945.320  
2561.000000 -36.669   945.311  
2562.000000 -36.658   945.354  
2563.000000 -36.664   945.344  
2564.000000 -36.673   945.350  
2565.000000 -36.675   945.343  
2566.000000 -36.673   945.327  
2567.000000 -36.669   945.351  
2568.000000 -36.668   945.358  
2569.000000 -36.661   945.329  
2570.000000 -36.648   945.334  
2571.000000 -36.656   945.351  
2572.000000 -36.643   945.370  
2573.000000 -36.648   945.336  
2574.000000 -36.637   945.339  
2575.000000 -36.641   945.343  
2576.000000 -36.639   945.358  
2577.000000 -36.639   945.363  
2578.000000 -36.656   945.341  
2579.000000 -36.641   945.338  
2580.000000 -36.641   945.362  
2581.000000 -36.646   945.350  
2582.000000 -36.652   945.371  
2583.000000 -36.651   945.358  
2584.000000 -36.658   945.332  
2585.000000 -36.653   945.342  
2586.000000 -36.656   945.357  
2587.000000 -36.643   945.330  
2588.000000 -36.645   945.331  
2589.000000 -36.649   945.337  
2590.000000 -36.666   945.329  
2591.000000 -36.665   945.324  
2592.000000 -36.661   945.349  
2593.000000 -36.657   945.342  
2594.000000 -36.654   945.332  
2595.000000 -36.657   945.322  
2596.000000 -36.658   945.333  
2597.000000 -36.660   945.345  
2598.000000 -36.663   945.319  
2599.000000 -36.649   945.294  
2600.000000 -36.657   945.333  
2601.000000 -36.654   945.321  
2602.000000 -36.652   945.331  
2603.000000 -36.647   945.324  
2604.000000 -36.659   945.332  
2605.000000 -36.654   945.318  
2606.000000 -36.653   945.340  
2607.000000 -36.649   945.348  
2608.000000 -36.648   945.367  
2609.000000 -36.649   945.343  
2610.000000 -36.647   945.345  
2611.000000 -36.644   945.342  
2612.000000 -36.644   945.344  
2613.000000 -36.651   945.342  
2614.000000 -36.649   945.322  
2615.000000 -36.647   945.338  
2616.000000 -36.654   945.329  
2617.000000 -36.665   945.340  
2618.000000 -36.663   945.362  
2619.000000 -36.661   945.338  
2620.000000 -36.655   945.357  
2621.000000 -36.659   945.350  
2622.000000 -36.660   945.340  
2623.000000 -36.659   945.340  
2624.000000 -36.660   945.317  
2625.000000 -36.668   945.342  
2626.000000 -36.658   945.338  
2627.000000 -36.652   945.340  
2628.000000 -36.655   945.354  
2629.000000 -36.652   945.357  
2630.000000 -36.645   945.344  
2631.000000 -36.650   945.353  
2632.000000 -36.644   945.336  
2633.000000 -36.650   945.364  
2634.000000 -36.643   945.354  
2635.000000 -36.650   945.331  
2636.000000 -36.646   945.323  
2637.000000 -36.644   945.358  
2638.000000 -36.647   945.345  
2639.000000 -36.649   945.339  
2640.000000 -36.650   945.349  
2641.000000 -36.651   945.331  
2642.000000 -36.659   945.382  
2643.000000 -36.649   945.364  
2644.000000 -36.654   945.356  
2645.000000 -36.657   945.339  
2646.000000 -36.651   945.335  
2647.000000 -36.659   945.359  
2648.000000 -36.653   945.337  
2649.000000 -36.655   945.350  
2650.000000 -36.653   945.347  
2651.000000 -36.660   945.352  
